324,57,051,17,00,47,353,17,026,277,49,73,162,02,78,246,19,047,124,80,170,199,90,305,170,29,236,354
17,96,40,028,58,42,341,360,243,083,15,76,19,89,21,46,241,59,23,94,97,40,76,058,125,31,44,364
234,26,30,181,71,194,05,15,23,330,150,02,58,67,18,078,088,310,56,141,56,18,21,184,299,70,348,294
11,124,67,035,351,27,86,386,30,19,26,18,246,035,264,42,39,47,02,146,66,73,100,50,90,09,213,22
137,95,100,13,16,86,26,217,071,230,86,116,372,64,01,32,36,26,99,364,089,92,140,10,14,085,396,78
333,67,63,183,35,32,43,27,084,46,105,10,136,67,026,81,05,052,015,95,38,351,08,22,33,87,88,96
38,193,106,99,09,132,138,27,092,050,156,30,056,00,78,91,96,42,75,04,16,13,08,90,247,30,85,39
28,305,84,014,42,372,72,075,94,32,59,13,201,03,24,71,384,91,351,149,42,86,53,393,154,76,340,16
089,68,157,221,50,88,63,29,34,46,292,220,239,90,14,277,85,05,55,88,25,71,94,94,57,60,79,01
98,269,328,38,07,62,031,149,94,68,277,225,36,304,088,119,97,65,47,34,259,05,357,43,291,92,30,34
83,09,66,02,13,324,88,179,44,305,23,16,00,83,115,09,77,65,81,43,95,012,05,11,40,98,284,75
363,351,350,018,57,14,42,00,83,081,189,105,176,91,06,264,297,53,20,141,090,58,126,15,177,274,31,49
128,25,162,44,67,82,62,337,09,61,62,384,155,94,50,043,249,56,80,233,79,107,015,87,070,16,399,46
19,99,049,28,49,356,96,59,74,277,011,104,47,285,82,06,311,155,233,69,61,81,092,02,125,42,256,345
01,055,189,16,32,09,48,396,043,38,87,02,000,76,45,353,11,073,73,350,19,396,36,33,02,137,74,258
45,64,338,47,79,313,217,30,76,66,359,07,88,58,07,121,67,42,287,52,16,29,091,90,03,184,08,287
378,223,82,07,96,53,024,254,87,232,61,95,292,115,186,199,266,32,67,118,83,31,143,86,45,165,279,40
04,213,45,099,49,44,20,70,02,05,212,51,00,11,96,73,99,367,66,73,78,93,52,295,01,49,50,270
237,77,24,06,13,124,188,49,53,121,37,296,267,166,85,32,347,06,62,03,369,315,03,19,52,99,64,19
69,55,41,11,92,42,241,48,25,86,19,27,038,03,288,240,056,57,059,67,96,166,035,69,130,08,58,19
239,240,48,55,60,41,182,004,338,196,56,286,92,175,63,17,74,376,69,71,86,62,287,26,063,073,29,33
115,80,365,015,58,073,50,236,69,95,33,135,51,90,62,132,39,077,64,207,67,92,007,63,78,10,87,90
35,35,31,01,78,72,139,257,22,09,65,92,84,39,11,16,350,49,000,24,249,345,46,89,07,220,77,62
371,156,10,197,65,18,042,85,27,011,86,16,283,323,203,302,299,237,228,278,135,350,325,07,48,92,062,222
42,46,170,69,84,17,215,35,086,279,371,149,45,30,021,004,269,52,11,256,50,64,37,40,00,91,377,164
127,38,255,80,53,90,35,64,97,36,22,65,26,23,77,63,131,92,346,351,396,274,009,310,95,64,40,08
047,72,266,94,118,201,03,81,99,180,196,376,65,06,85,06,186,357,81,82,138,215,356,208,089,366,173,06
91,291,62,48,60,97,54,279,274,095,44,227,295,76,076,61,217,063,03,335,095,49,217,147,35,31,84,03
94,196,55,312,337,25,202,357,384,55,10,19,88,332,70,96,21,98,82,001,144,97,222,31,313,347,46,09
27,297,56,32,79,04,112,53,343,28,87,39,16,092,387,34,094,223,56,57,87,41,08,209,06,323,75,77
63,257,81,325,02,41,273,40,43,53,99,102,33,87,54,72,313,349,16,236,325,041,367,48,36,86,155,09
37,181,42,169,40,28,250,15,205,355,03,091,09,78,075,92,89,274,103,270,31,48,000,082,22,56,349,137
342,74,236,09,103,160,063,10,383,43,91,45,009,312,04,063,301,01,48,71,332,288,039,34,058,68,28,22
87,113,228,19,45,18,080,229,105,012,97,23,85,09,81,18,34,72,94,64,74,87,52,43,76,056,24,177
61,59,81,38,90,31,37,82,072,226,313,035,26,69,97,36,111,334,12,265,319,09,77,262,108,89,55,46
092,73,181,280,167,65,10,68,43,49,245,247,73,143,75,62,299,42,37,272,370,11,04,76,063,98,97,244
315,003,272,25,252,49,087,188,52,099,33,05,89,239,294,09,48,61,09,68,36,13,130,67,17,65,23,124
66,151,345,56,67,61,076,94,11,35,27,230,63,146,311,52,28,264,17,83,85,106,57,274,03,078,170,229
71,83,91,102,229,46,47,29,54,286,044,14,66,12,76,09,91,28,192,281,270,10,179,157,07,052,21,79
24,180,86,334,310,47,34,80,372,33,48,35,33,88,68,06,080,069,373,75,08,290,91,087,33,91,08,68
216,055,43,39,136,313,003,80,235,211,20,47,97,38,205,04,01,22,47,25,047,352,65,41,382,81,121,292
224,67,154,71,98,218,269,093,21,273,175,08,20,59,093,370,91,10,19,44,319,43,69,65,06,285,74,157
16,388,070,83,056,27,64,47,14,03,13,109,53,037,54,274,87,281,38,055,135,13,047,398,45,343,99,322
61,69,09,012,316,77,30,286,335,44,39,005,007,05,99,53,27,30,33,45,17,76,229,189,368,254,86,125
90,359,361,53,217,25,25,59,041,23,78,17,30,01,238,40,087,89,79,05,59,14,35,98,75,390,152,64
84,77,55,80,371,62,274,35,13,88,44,15,119,72,029,119,058,48,165,69,267,92,22,12,042,049,19,90
52,00,203,316,06,34,141,88,70,78,15,142,50,08,129,70,95,07,14,03,139,369,18,87,195,10,88,364
312,72,331,67,274,93,018,378,247,04,75,035,27,55,67,295,21,283,41,111,393,41,49,068,55,378,111,44
45,026,52,87,005,17,188,57,13,172,154,31,085,20,261,50,216,88,98,005,75,62,016,44,180,49,61,064
286,82,382,91,30,59,015,74,00,89,246,06,96,00,193,08,17,023,020,71,203,058,385,105,57,37,91,116
205,393,004,67,13,373,43,52,193,05,006,47,061,81,58,68,17,65,08,093,309,341,205,378,51,379,258,120
65,11,81,095,69,243,32,92,263,78,77,69,140,44,56,15,72,217,22,286,02,92,052,08,64,255,027,96
05,368,061,240,058,47,86,000,02,28,52,64,89,68,72,87,193,70,10,89,15,52,21,47,33,040,44,008
393,92,46,225,353,08,37,62,24,36,280,325,02,123,344,53,082,013,343,47,399,22,131,260,264,00,16,258
52,50,41,190,02,281,10,181,22,24,34,255,99,55,176,11,63,87,270,040,115,51,45,207,24,55,312,351
353,064,314,34,381,78,75,243,07,227,37,62,217,357,78,28,81,372,45,022,188,04,062,22,53,77,369,96
199,77,90,059,26,349,09,53,12,055,96,054,21,027,43,89,94,17,51,23,26,00,55,300,325,28,13,311
67,102,185,17,349,178,183,71,326,237,219,346,192,12,106,16,019,58,002,64,12,323,355,11,25,20,73,92
061,70,184,51,35,42,25,15,65,67,252,66,15,62,20,86,28,72,97,203,76,218,36,291,29,276,06,73
81,072,89,341,37,44,224,060,44,28,71,11,082,37,33,73,044,57,58,68,21,211,25,52,165,159,37,261
04,29,57,315,065,257,335,81,59,48,05,41,050,338,26,84,80,87,07,71,107,077,86,013,022,91,228,99
83,390,99,56,60,191,05,101,37,74,48,236,005,99,187,15,67,35,22,83,63,01,41,06,052,37,188,18
84,259,35,031,359,183,41,45,196,224,38,51,14,52,35,23,23,94,74,51,58,69,23,281,182,106,259,253
330,32,62,84,296,176,069,085,56,92,65,293,238,83,109,208,006,054,187,357,70,03,280,282,027,323,50,297
31,56,87,009,50,099,03,399,28,79,48,48,73,383,90,91,213,63,87,063,21,45,94,35,265,338,50,96
090,19,209,182,83,257,47,74,62,54,245,101,277,102,191,173,50,34,45,57,348,89,96,354,351,399,028,092
309,127,14,115,341,163,19,281,287,009,14,187,33,39,29,016,75,183,67,115,209,02,015,139,53,394,90,11
28,15,230,28,06,090,19,29,149,258,281,25,56,32,59,065,82,85,099,72,65,72,015,30,301,104,292,14
126,173,213,245,374,42,322,14,106,67,76,48,17,85,03,20,359,21,81,50,117,089,363,37,035,328,100,99
059,71,51,29,59,67,232,39,75,68,202,50,85,29,21,396,276,94,36,21,07,393,24,96,063,30,279,158
77,41,392,49,237,45,19,08,03,361,06,250,80,378,074,07,87,110,25,58,29,59,020,36,65,73,196,68
126,36,12,365,199,72,22,66,70,74,11,87,46,30,00,87,199,260,393,80,44,316,133,185,75,270,49,68
11,68,266,337,111,41,00,300,354,05,060,114,129,30,69,33,377,20,351,122,287,91,059,17,06,97,215,320
07,95,31,90,16,90,28,84,04,233,058,18,121,06,75,240,084,99,12,224,75,89,04,332,281,77,73,086
234,88,389,29,187,130,41,73,17,037,235,54,79,028,099,44,27,07,156,22,41,73,05,67,12,051,373,33
24,57,65,34,91,307,34,189,34,97,94,044,336,298,21,353,36,37,080,90,029,46,45,74,08,052,35,31
96,263,390,106,78,276,008,60,11,379,94,19,38,05,041,388,286,192,370,90,278,47,67,98,52,27,155,45
23,03,88,22,016,165,50,156,363,76,63,34,01,06,24,67,232,93,74,049,391,102,72,82,91,60,08,36
99,361,326,47,58,070,387,098,198,85,362,068,59,96,06,14,31,57,85,036,58,01,76,91,03,39,43,332
245,74,108,11,133,48,72,46,040,81,067,02,241,71,370,331,184,020,72,92,60,255,44,49,253,394,166,96
357,93,02,58,54,087,60,301,87,29,40,63,248,280,340,35,241,247,303,60,304,27,230,46,94,306,74,191
014,377,42,47,306,019,128,08,15,22,55,359,38,337,25,081,120,027,19,229,129,02,295,073,71,46,89,304
19,00,88,13,332,90,47,23,395,257,87,167,10,81,93,50,03,74,330,57,171,27,93,29,56,234,387,380
99,21,20,21,51,324,108,352,177,98,143,91,13,197,34,007,084,36,50,96,306,10,154,307,89,87,228,69
367,240,002,83,005,06,27,47,84,79,140,75,86,98,350,06,81,363,003,03,118,045,81,187,82,82,247,22
228,54,68,28,91,42,83,099,10,05,124,205,58,073,269,44,303,28,63,00,34,46,52,88,56,29,62,12
45,43,96,44,24,78,58,86,81,122,096,88,369,25,75,26,27,059,49,36,351,89,43,20,85,328,263,154
05,45,156,66,31,26,36,379,74,243,13,26,34,18,66,018,66,183,025,75,19,80,33,43,30,16,96,43
28,07,387,14,223,19,358,65,03,60,321,60,245,26,334,167,329,006,78,64,37,196,05,127,78,170,24,49
14,181,00,71,017,34,13,203,75,60,35,391,250,016,17,20,38,081,17,211,182,017,72,06,001,58,367,94
246,117,10,394,11,242,44,00,390,06,59,061,08,062,90,132,298,215,01,72,364,267,265,92,316,274,68,20
259,230,25,002,39,182,89,227,33,390,40,66,46,04,40,243,62,056,33,57,00,086,41,08,04,49,42,034
85,53,31,324,337,05,47,394,74,53,20,025,49,02,74,37,092,43,022,283,10,21,90,35,01,81,080,50
20,59,078,071,89,93,187,86,51,250,99,52,108,79,71,211,49,26,95,47,19,55,05,57,90,310,07,163
26,97,028,095,95,00,10,374,47,62,307,00,28,339,57,64,284,35,58,55,227,162,25,84,79,56,243,361
17,211,08,40,70,57,91,358,167,12,50,57,112,133,70,37,053,67,99,23,348,13,090,339,092,34,023,50
205,78,228,028,024,34,39,37,044,94,16,42,21,07,347,36,20,81,064,003,328,312,99,07,58,32,89,89
038,81,129,318,340,92,072,69,95,080,50,08,344,31,24,328,83,44,335,378,97,53,61,00,14,244,77,020
125,010,260,02,52,96,90,072,31,28,109,29,70,28,247,279,335,67,055,034,25,75,25,356,310,67,284,270
285,52,18,22,40,95,62,66,87,018,11,86,321,88,44,385,51,089,36,113,140,92,43,009,084,74,041,24
24,08,56,395,94,367,21,077,08,93,97,286,69,220,34,25,73,241,76,63,50,275,002,73,20,40,321,151
293,60,076,287,19,036,22,038,322,327,93,230,87,398,50,390,359,133,67,25,379,397,196,06,42,95,183,07
19,34,076,08,16,75,091,233,090,69,050,184,324,008,68,347,39,049,30,251,322,02,38,153,301,81,35,82
79,42,18,17,013,28,017,39,03,225,74,16,78,12,68,202,88,240,319,156,196,01,77,384,134,20,43,80
04,395,065,59,81,11,263,31,262,18,52,13,358,48,99,83,24,42,266,14,70,65,042,398,24,73,84,47
370,055,82,78,61,021,35,19,78,92,95,325,198,59,066,42,52,188,183,341,25,302,063,53,45,08,116,65
52,176,005,054,53,66,07,03,326,139,15,364,55,15,62,26,030,43,01,337,116,47,30,68,359,386,017,15
49,351,39,98,00,290,051,18,75,06,74,67,81,014,005,56,291,357,32,64,75,23,378,52,185,62,74,29
131,262,308,363,036,14,029,006,69,47,08,60,83,52,08,121,028,13,72,360,14,187,235,354,01,065,03,065
36,359,32,56,212,160,90,039,74,87,96,318,287,34,72,95,16,05,33,093,31,016,03,015,366,088,39,046
136,92,52,47,48,87,47,181,84,84,120,106,87,96,117,53,69,89,56,208,37,24,390,19,37,371,44,37
32,42,15,162,155,69,87,088,34,46,43,51,044,99,98,204,226,308,012,255,297,44,98,96,19,16,85,29
145,18,16,291,02,15,04,054,72,44,65,030,378,029,157,63,84,040,22,09,092,38,189,114,027,40,43,29
52,048,078,96,23,126,55,00,81,09,77,360,38,127,36,125,08,97,83,75,53,064,05,69,029,260,43,278
92,006,73,268,277,42,32,16,72,22,85,66,117,027,370,13,92,018,37,120,96,242,175,386,80,074,82,194
284,83,188,293,59,116,323,273,64,001,37,71,74,56,55,83,248,91,061,185,23,071,01,64,026,031,54,085
55,337,215,17,172,04,000,16,205,07,151,55,69,142,031,65,76,13,44,37,332,30,086,56,46,48,60,299
23,021,85,232,034,360,95,76,15,51,205,38,202,08,72,173,00,383,230,10,293,28,24,24,36,109,59,309
319,15,85,55,231,023,49,65,12,37,128,348,133,13,091,92,60,380,176,117,40,182,135,291,30,50,202,294
147,74,059,15,351,67,67,73,355,98,348,79,175,381,224,236,071,69,199,270,75,395,50,207,62,60,139,94
134,284,366,16,27,220,95,51,20,21,05,388,59,63,099,254,205,28,48,54,97,166,308,53,276,03,78,85
56,74,115,048,278,235,07,06,48,259,20,058,07,55,97,295,84,000,82,77,42,373,47,38,270,315,303,072
192,38,395,22,109,29,189,88,082,83,258,24,142,75,66,54,31,66,156,87,78,198,16,137,40,61,70,81
276,21,39,79,53,97,175,89,111,30,86,03,47,37,56,29,364,82,145,56,39,69,194,256,205,41,275,26
082,89,03,71,96,322,50,172,30,108,393,398,355,292,49,22,42,059,68,81,87,81,20,80,044,79,78,008
04,384,387,037,319,91,09,62,040,90,65,95,218,179,78,178,294,12,185,328,098,01,219,60,050,073,255,343
205,24,275,347,09,131,085,171,11,66,316,32,282,82,70,022,44,97,65,215,214,04,061,80,058,38,109,55
228,340,39,21,127,82,85,91,256,84,168,60,54,005,000,89,82,97,89,83,48,89,003,06,171,58,53,87
14,28,68,008,50,187,099,55,25,74,081,33,296,85,130,221,41,06,18,19,32,73,127,20,294,373,78,33
79,45,22,95,378,44,107,59,045,05,273,14,274,53,254,208,18,37,00,316,12,52,48,305,46,009,36,42
26,302,55,58,250,22,31,137,68,50,78,21,221,97,181,17,234,382,16,54,336,360,62,15,37,371,44,17
40,121,36,41,253,46,266,076,352,168,213,24,20,115,86,77,68,268,071,33,081,303,112,25,07,135,316,87
58,120,243,03,307,166,68,180,42,48,77,49,75,020,32,69,203,271,200,39,383,018,394,43,46,059,11,35
39,86,00,310,95,63,99,66,51,79,375,52,93,335,89,61,107,90,022,17,64,80,35,204,017,16,68,59
91,374,389,220,83,77,146,048,50,68,316,20,220,064,84,22,97,44,30,232,020,28,232,293,40,085,25,96
028,61,08,29,14,71,14,194,12,206,30,95,81,45,23,252,170,56,166,40,063,145,227,54,303,239,314,108
349,98,268,26,34,51,110,52,179,309,43,74,70,312,268,005,78,31,356,72,98,048,25,89,56,53,014,12
27,088,244,46,360,221,41,24,71,042,266,207,300,75,47,154,59,047,99,258,49,296,70,31,08,59,64,167
267,033,389,383,79,69,130,69,169,269,52,240,013,98,28,24,81,123,00,23,68,94,355,085,21,06,73,77
97,80,123,65,32,68,93,71,93,048,13,31,152,319,07,88,15,91,250,86,35,67,214,265,012,05,111,02
349,82,24,306,16,055,355,68,56,12,307,15,095,389,123,156,085,79,303,14,23,359,63,62,50,26,15,02
399,62,33,49,295,91,42,015,17,19,105,48,21,328,28,39,26,90,99,35,14,54,41,288,227,62,86,18
098,319,48,84,355,02,327,07,86,004,26,327,221,218,66,113,29,335,291,329,89,40,093,32,71,09,51,152
55,322,367,135,39,167,62,62,17,062,77,41,274,244,05,08,73,75,259,14,47,10,46,50,85,77,01,010
53,176,80,328,40,341,03,89,209,362,45,32,74,256,315,49,02,103,49,65,62,28,04,205,351,031,46,227
154,242,180,263,99,148,09,63,04,93,15,11,98,57,46,06,16,44,51,22,08,58,90,97,70,313,93,179
02,14,364,99,51,69,179,396,226,182,23,45,137,033,25,351,76,82,098,131,21,57,60,06,281,316,320,268
25,93,241,72,80,245,230,037,56,241,91,10,10,39,154,93,95,182,72,348,51,74,185,32,11,244,050,20
44,29,55,59,68,95,53,05,228,07,50,078,17,34,60,105,87,224,94,96,167,344,98,48,71,71,182,004
001,25,08,325,10,29,60,146,200,189,326,250,383,02,16,098,205,21,310,74,62,171,004,81,269,72,49,99
055,21,048,07,81,181,64,344,40,100,370,128,130,34,39,387,00,007,291,64,113,67,251,84,275,336,96,131
192,51,49,88,244,334,105,090,25,082,29,36,42,35,73,49,31,70,08,03,24,98,79,51,14,19,75,225
172,345,16,299,258,08,374,292,351,245,18,13,390,15,83,83,48,79,27,86,137,88,30,12,11,86,78,26
60,263,12,039,262,95,00,078,112,383,69,38,68,01,51,278,226,07,38,95,16,211,25,007,069,62,132,96
25,62,084,086,32,80,57,289,077,67,31,274,03,378,20,67,222,92,58,396,262,202,294,76,160,26,315,82
39,31,28,45,98,35,246,51,48,16,70,383,111,72,16,25,009,187,68,95,62,055,98,88,25,15,68,317
90,046,168,181,14,97,08,217,252,07,44,110,80,38,47,07,48,94,69,008,21,08,206,57,178,247,38,281
214,55,24,21,061,074,68,000,50,48,37,00,198,185,97,13,42,67,21,27,44,29,217,017,314,22,03,89
04,06,73,132,291,11,82,203,21,225,24,53,289,59,50,18,209,340,73,07,189,03,387,94,77,71,146,98
59,72,36,36,155,35,74,135,36,03,16,65,290,15,04,320,56,45,007,52,97,079,13,24,391,265,00,245
053,257,332,204,59,118,91,19,24,27,14,110,70,325,95,202,97,125,163,348,351,134,79,122,32,05,95,164
085,94,290,277,14,39,97,08,51,376,33,65,114,95,154,10,13,27,082,272,28,81,50,14,18,46,73,123
92,91,86,35,034,59,291,38,81,205,39,245,82,35,339,07,46,276,57,099,294,35,04,311,383,275,201,81
04,30,24,344,01,22,62,89,000,17,161,16,80,16,51,33,30,29,79,185,376,01,02,77,68,86,68,82
86,240,295,63,19,88,188,00,93,146,119,023,51,38,78,15,28,09,394,337,366,255,03,302,89,58,191,325
50,075,33,85,87,280,57,74,122,54,222,98,43,355,351,51,35,204,42,46,113,05,72,69,04,88,95,121
274,389,15,283,399,050,81,386,065,32,263,40,353,221,71,49,11,66,381,43,11,11,364,61,11,55,335,02
06,068,174,74,81,32,50,60,089,189,54,03,221,032,33,001,64,00,278,328,128,90,197,53,324,82,32,27
89,299,16,244,13,260,51,096,44,126,81,23,39,72,37,73,399,263,84,103,188,101,187,07,05,021,202,79
03,159,037,65,57,47,316,23,219,007,339,146,103,42,044,10,52,44,88,61,22,67,201,247,54,244,247,262
51,97,39,93,021,223,398,50,39,46,097,82,82,06,12,227,57,189,06,215,96,302,92,66,47,26,00,15
87,095,28,325,21,338,207,320,004,66,67,31,73,238,00,84,29,72,69,72,01,09,19,30,12,227,29,180
197,17,308,48,152,23,99,96,117,276,063,069,85,389,23,52,399,224,292,173,84,45,17,137,79,302,20,348
194,083,319,191,31,44,37,316,83,45,33,61,62,072,19,99,046,63,90,55,021,334,93,35,81,29,269,256
12,332,94,161,06,380,51,41,53,57,151,56,378,325,054,90,39,059,306,290,20,88,33,66,98,014,68,319
73,79,19,71,33,290,38,324,34,14,62,26,76,172,234,10,42,57,60,328,60,365,226,072,42,69,65,24
032,10,086,08,65,06,147,082,25,259,283,54,02,232,294,27,46,070,300,369,34,387,60,92,96,24,27,067
15,286,357,63,57,10,246,045,005,70,61,056,42,22,19,40,67,365,88,183,313,82,159,32,95,56,41,11
97,197,116,34,93,237,02,94,002,37,314,04,51,024,264,294,390,66,32,98,042,054,00,179,078,05,387,20
271,83,78,51,01,62,78,349,338,035,375,054,091,388,45,31,350,50,207,167,136,74,41,23,393,04,67,390
358,232,47,51,87,263,012,97,274,31,14,99,246,31,126,098,15,015,261,31,07,53,124,14,360,84,78,57
166,102,210,219,379,25,04,030,29,06,042,77,11,36,069,349,97,168,34,302,28,88,74,54,99,136,19,14
25,93,327,77,352,04,91,356,382,65,94,49,60,07,083,221,11,23,41,85,160,062,058,288,44,71,359,089
332,143,296,43,14,88,14,00,43,15,00,45,76,299,276,99,373,46,20,216,362,210,49,22,20,70,63,88
62,23,78,072,55,49,33,12,53,299,70,038,283,371,27,060,88,90,62,94,159,194,49,77,250,41,323,63
137,70,91,76,253,223,30,150,20,70,399,89,10,368,70,33,296,28,047,97,150,183,165,27,21,00,333,10
40,318,117,084,28,33,62,009,26,248,65,82,77,180,97,43,64,49,70,004,18,000,34,91,01,26,105,25
092,44,66,185,04,089,246,88,52,182,95,57,99,29,334,248,52,70,317,41,62,59,19,20,193,235,51,195
157,386,73,297,05,62,57,219,044,101,09,036,08,91,96,89,76,19,37,265,81,27,29,06,03,41,46,334
77,16,23,057,218,183,62,17,65,180,48,41,383,007,52,22,084,168,120,036,51,248,78,006,230,91,397,56
91,57,26,69,71,047,36,86,099,90,36,51,61,269,79,254,60,043,357,83,90,320,351,41,326,98,189,33
050,26,179,12,46,42,77,134,183,33,88,95,01,033,91,335,98,30,03,306,57,80,76,37,193,89,21,045
210,04,353,40,48,26,26,75,27,27,08,206,79,28,019,030,396,25,301,396,28,62,018,058,78,60,17,024
387,396,324,29,030,126,98,89,37,75,99,273,99,09,07,195,334,58,326,83,077,64,20,51,045,129,181,28
37,50,276,111,049,32,153,98,48,16,72,183,392,22,338,34,51,86,76,53,06,382,050,14,53,27,59,97
88,72,349,02,80,389,227,38,54,384,16,120,73,53,308,02,145,287,264,085,01,24,179,076,347,71,269,64
93,36,70,365,48,073,09,320,79,92,51,89,395,08,024,219,61,77,25,83,215,256,01,06,219,068,48,56
280,377,14,92,60,142,61,357,012,033,229,20,79,18,14,79,81,34,062,300,97,97,02,085,39,92,53,37
17,226,57,079,378,90,06,17,280,17,60,085,183,47,268,78,48,206,050,71,342,074,388,17,50,265,43,89
01,059,054,75,71,31,34,85,217,214,384,51,077,60,02,54,64,00,22,363,118,113,55,68,310,79,368,338
